origin:   3:0.25:11

1	1	1	0.999960000000000	0.999860000000000	0.999220000000000	0.997000000000000	0.990880000000000	0.977180000000000	0.946620000000000	0.900100000000000	0.831140000000000	0.743320000000000	0.643380000000000	0.540940000000000	0.436940000000000	0.343160000000000	0.260920000000000	0.193560000000000	0.138140000000000	0.0973800000000000	0.0652200000000000	0.0434000000000000	0.0276000000000000	0.0162800000000000	0.00954000000000000	0.00560000000000000	0.00314000000000000	0.00158000000000000	0.000860000000000000	0.000420000000000000	0.000160000000000000	4.00000000000000e-05

Q=8:    3:0.25:10

1	1	1	1	0.999500000000000	0.998750000000000	0.992250000000000	0.973000000000000	0.928500000000000	0.850500000000000	0.722250000000000	0.528750000000000	0.321500000000000	0.150750000000000	0.0550000000000000	0.0207500000000000	0.0100000000000000	0.00550000000000000	0.00325000000000000	0.00175000000000000	0.00100000000000000	0.000500000000000000	0.000250000000000000	0.000250000000000000	0	0	0	0	0


Q=12:

Q=16:




