origin:   3:0.25:11

1	1	1	0.999960000000000	0.999860000000000	0.999220000000000	0.997000000000000	0.990880000000000	0.977180000000000	0.946620000000000	0.900100000000000	0.831140000000000	0.743320000000000	0.643380000000000	0.540940000000000	0.436940000000000	0.343160000000000	0.260920000000000	0.193560000000000	0.138140000000000	0.0973800000000000	0.0652200000000000	0.0434000000000000	0.0276000000000000	0.0162800000000000	0.00954000000000000	0.00560000000000000	0.00314000000000000	0.00158000000000000	0.000860000000000000	0.000420000000000000	0.000160000000000000	4.00000000000000e-05

Q=8:    3:0.25:10

1	1	1	1	0.999500000000000	0.998750000000000	0.992250000000000	0.973000000000000	0.928500000000000	0.850500000000000	0.722250000000000	0.528750000000000	0.321500000000000	0.150750000000000	0.0550000000000000	0.0207500000000000	0.0100000000000000	0.00550000000000000	0.00325000000000000	0.00175000000000000	0.00100000000000000	0.000500000000000000	0.000250000000000000	0.000250000000000000	0	0	0	0	0

better:1	1	1	1	0.999450000000000	0.998150000000000	0.991700000000000	0.973400000000000	0.929450000000000	0.847650000000000	0.712300000000000	0.517000000000000	0.301050000000000	0.132950000000000	0.0497000000000000	0.0181000000000000	0.00755000000000000	0.00345000000000000	0.00180000000000000	0.000450000000000000	0.000200000000000000	5.00000000000000e-05	0	0	0	0	0	0	0

best: 1	1	1	1	0.999800000000000	0.998775000000000	0.994750000000000	0.982000000000000	0.954275000000000	0.898175000000000	0.810675000000000	0.686050000000000	0.546250000000000	0.412900000000000	0.301000000000000	0.209750000000000	0.144800000000000	0.0974750000000000	0.0658000000000000	0.0437500000000000	0.0282000000000000	0.0184750000000000	0.0118000000000000	0.00772500000000000	0.00490000000000000	0.00317500000000000	0.00177500000000000	0.00102500000000000	0.000575000000000000

best2:1	1	1	1	0.999600000000000	0.997875000000000	0.991525000000000	0.974700000000000	0.933400000000000	0.853100000000000	0.716400000000000	0.522075000000000	0.305675000000000	0.140225000000000	0.0523500000000000	0.0206750000000000	0.00855000000000000	0.00410000000000000	0.00200000000000000	0.000850000000000000	0.000350000000000000	0.000225000000000000	0.000150000000000000	0.000100000000000000	5.00000000000000e-05	0	0	0	0

Q=12:

1	1	1	1	0.999750000000000	0.997500000000000	0.989250000000000	0.963000000000000	0.900750000000000	0.771500000000000	0.585000000000000	0.372750000000000	0.211500000000000	0.110750000000000	0.0627500000000000	0.0362500000000000	0.0202500000000000	0.00925000000000000	0.00450000000000000	0.00300000000000000	0.00150000000000000	0.000750000000000000	0.000500000000000000	0	0	0	0	0	0

1	1	1	1	0.999413145539906	0.998239436619718	0.990610328638498	0.970070422535211	0.912558685446009	0.776995305164319	0.583333333333333	0.384389671361502	0.241197183098592	0.147300469483568	0.0833333333333333	0.0422535211267606	0.0264084507042254	0.0140845070422535	0.00762910798122066	0.00528169014084507	0.00352112676056338	0.00176056338028169	0.00176056338028169	0	0	0	0	0	0

Q=16:




