ofdm_qusic_spa_interleaver_1024_512_p1_bler=[4.987535e-01, 2.763606e-01, 1.276750e-01, 4.797378e-02, 1.346410e-02, 3.284027e-03, 6.750000e-04, 1.250000e-04, 2.100000e-05];
ofdm_qusic_spa_interleaver_1024_512_p2_bler=[6.482839e-01, 4.157661e-01, 2.225271e-01, 8.445908e-02, 2.508233e-02, 5.949714e-03, 1.052500e-03, 1.870000e-04, 2.400000e-05];
ofdm_qusic_spa_interleaver_1024_512_p3_bler=[7.869599e-01, 6.015773e-01, 3.744307e-01, 1.717310e-01, 5.600030e-02, 1.247034e-02, 2.159024e-03, 3.033333e-04, 3.366667e-05];
ofdm_qusic_gspa_interleaver_1024_512_p2_bler=[5.826e-01 3.4e-01 1.38e-01 4.79e-02 1.34e-02 3.51e-03 7.37e-04 1.25e-04 2.05e-05];

ofdm_qusic_scl_interleaver_1024_512_p2_L32_bler=[5.70e-01 3.35e-01 1.62e-01 5.57e-02 1.43e-02 3.26e-03 5.21e-04 6.80e-05 8.00e-06];
ofdm_qusic_jscl_interleaver_1024_512_p2_L32_bler=[5.90e-01 3.41e-01 1.56e-01 5.74e-02 1.49e-02 3.05e-03 5.13e-04 6.55e-05 9e-06];
ofdm_qusic_jscl_proposed_interleaver_1024_512_p2_L32_bler=[5.469945e-01 3.159722e-01 1.183278e-01 3.529619e-02 8.971946e-03 1.943410e-03 3.380269e-04 6.000000e-05 8.00e-06]

ofdm_qusic_spa_1024_512_p1_bler= [5.422289e-01, 3.355682e-01, 1.738149e-01, 7.523487e-02, 3.184247e-02, 1.133610e-02, 3.721384e-03, 1.253552e-03, 4.370000e-04];
ofdm_qusic_spa_1024_512_p2_bler= [6.736632e-01, 4.645177e-01, 2.661169e-01, 1.215691e-01, 4.550827e-02, 1.487370e-02, 4.822423e-03, 1.666467e-03, 5.494168e-04];
ofdm_qusic_gspa_1024_512_p2_bler=[6.28e-01 4.04e-01 2.00e-01 8.27e-02 3.15e-02 1.13e-02 3.92e-03 1.27e-03 4.38e-04];
ofdm_qusic_spa_1024_512_p3_bler=[8.056203e-01 6.314562e-01 4.221926e-01 2.097575e-01 7.861784e-02 2.401184e-02 6.549384e-03 1.865904e-03 5.818220e-04];
ofdm_qusic_gspa_1024_512_p3_bler=[7.51e-01 5.01e-01 2.43e-01 9.51e-02 3.47e-02 1.18e-02 3.87e-03 1.25e-03 4.15e-04];

ofdm_qusic_scl_1024_512_p2_L32_bler= [6.688919e-01, 4.625693e-01, 2.743969e-01, 1.247197e-01, 5.108707e-02, 1.752451e-02, 5.725300e-03, 1.740537e-03, 5.164378e-04];
ofdm_qusic_jscl_1024_512_p2_L32_bler=[6.761134e-01, 4.595960e-01, 2.617678e-01, 1.250937e-01, 4.755344e-02, 1.777218e-02, 5.591367e-03, 1.746239e-03, 5.064329e-04];
ofdm_qusic_jscl_proposed_1024_512_p2_L32_bler=[6.559633e-01 4.079805e-01 2.072464e-01 8.635266e-02 3.711440e-02 1.317348e-02 4.590059e-03 1.594929e-03 4.730000e-04];
ofdm_qusic_scl_1024_512_p2_L32_crc10_bler=[6.585526e-01, 4.545867e-01, 2.478950e-01, 1.149782e-01, 3.899797e-02, 1.402943e-02, 3.919956e-03, 1.052729e-03, 2.745000e-04];
ofdm_qusic_jscl_proposed_1024_512_p2_L32_crc10_bler=[6.516927e-01, 3.806991e-01, 1.914406e-01, 7.826427e-02, 3.107152e-02, 1.001862e-02, 3.166379e-03, 8.861497e-04, 2.486499e-04];

ofdm_qusic_gspa_interleaver_1024_512_p3_bler=[6.78e-01, 4.19e-01, 1.68e-01, 5.51e-02, 1.43e-02, 3.18e-03, 7.30e-04, 1.42e-04, 3.21e-05];
ofdm_qusic_scl_proposed_interleaver_1024_512_p3_L16_crc24_bler=[7.276362e-01, 5.383975e-01, 3.078461e-01, 1.225814e-01, 3.905275e-02, 7.879904e-03, 1.147737e-03, 1.493333e-04, 1.466667e-05];
ofdm_qusic_jscl_proposed_interleaver_1024_512_p3_L16_crc24_bler=[7.596202e-01, 4.835915e-01, 2.035649e-01, 5.702729e-02, 1.245583e-02, 2.421384e-03, 4.465722e-04, 9.023333e-05, 1.336667e-05];

ofdm_qusic_sc_1024_512_p2_bler=[7.522523e-01, 5.622896e-01, 3.397828e-01, 1.739055e-01, 7.451243e-02, 2.625643e-02, 8.645857e-03, 2.663509e-03, 8.487813e-04];
ofdm_qusic_jsc_proposed_1024_512_p2_bler=[7.335286e-01, 4.911678e-01, 2.635598e-01, 1.296296e-01, 5.927286e-02, 2.167511e-02, 7.326034e-03, 2.326089e-03, 7.587794e-04];

ofdm_qusic_spa_1024_512_NBC_16_p2_bler= [0 0 0 0 0 0 0 0 0];
ofdm_qusic_gspa_1024_512_NBC_16_p2_bler=[0 0 0 0 0 0 0 0 0];
ofdm_qusic_scl_1024_512_NBC_16_p2_bler= [0 0 0 0 0 0 0 0 0];
ofdm_qusic_jscl_1024_512_NBC_16_p2_bler=[0 0 0 0 0 0 0 0 0];

ofdm_qusic_scl_1024_512_p1_L8_bler=[5.623596e-01, 3.467267e-01, 1.874181e-01, 9.200368e-02, 3.838190e-02, 1.362999e-02, 4.647039e-03, 1.613366e-03, 4.770000e-04];
ofdm_qusic_scl_1024_512_p2_L8_bler=[6.958333e-01, 4.766889e-01, 2.703944e-01, 1.286632e-01, 5.083283e-02, 1.880660e-02, 5.927005e-03, 1.769289e-03, 5.146768e-04];
ofdm_qusic_jscl_1024_512_p2_L8_bler=[6.691176e-01, 4.184783e-01, 2.147147e-01, 9.489951e-02, 3.724790e-02, 1.468603e-02, 4.581152e-03, 1.517794e-03, 4.830000e-04];
ofdm_qusic_scl_1024_512_p3_L8_bler=[7.982456e-01, 6.379860e-01, 4.191792e-01, 2.165261e-01, 8.110517e-02, 2.716270e-02, 7.861154e-03, 2.186029e-03, 5.881309e-04, ];
ofdm_qusic_jscl_1024_512_p3_L8_bler=[7.705928e-01, 5.210608e-01, 2.543191e-01, 1.187426e-01, 3.945916e-02, 1.365472e-02, 4.711009e-03, 1.564798e-03, 5.198758e-04];

ofdm_qusic_scl_1024_512_p1_L16_crc24_bler=[5.312344e-01, 3.238434e-01, 1.733934e-01, 7.533113e-02, 3.034161e-02, 1.084390e-02, 3.244165e-03, 9.656048e-04, 2.717064e-04];
ofdm_qusic_scl_1024_512_p2_L16_crc24_bler=[6.586707e-01, 4.580210e-01, 2.511244e-01, 1.124214e-01, 4.467553e-02, 1.441574e-02, 4.078955e-03, 1.078352e-03, 2.928024e-04];
ofdm_qusic_jscl_1024_512_p2_L16_crc24_bler=[6.631684e-01, 4.130435e-01, 2.078488e-01, 9.188544e-02, 3.291031e-02, 1.171720e-02, 3.414704e-03, 9.524918e-04, 2.619418e-04];
ofdm_qusic_scl_1024_512_p3_L16_crc24_bler=[7.842745e-01, 6.105281e-01, 3.891388e-01, 1.930701e-01, 6.563074e-02, 2.032198e-02, 5.332779e-03, 1.347821e-03, 3.391263e-04];
ofdm_qusic_jscl_1024_512_p3_L16_crc24_bler=[8.080960e-01, 5.334000e-01, 2.618691e-01, 1.114079e-01, 3.543990e-02, 1.164753e-02, 3.480698e-03, 9.944755e-04,  2.710390e-04];


ofdm_qusic_scl_1024_512_p1_L32_bler=[5.457271e-01, 3.452915e-01, 1.876992e-01, 9.189388e-02, 3.457447e-02, 1.402039e-02, 4.521923e-03, 1.510690e-03, 4.647767e-04];
ofdm_qusic_scl_1024_512_p1_L32_NBC_Esgain_bler=[5.877061e-01, 3.781640e-01, 2.135694e-01, 1.002102e-01, 4.384006e-02, 1.716304e-02, 6.038487e-03, 1.945106e-03, 6.529220e-04];
ofdm_qusic_scl_1024_512_p2_L32_bler=[6.821589e-01, 4.567716e-01, 2.656172e-01, 1.228522e-01, 5.120728e-02, 1.689052e-02, 5.267867e-03, 1.683524e-03, 5.343009e-04];
ofdm_qusic_scl_1024_512_p2_L32_NBC_Esgain_bler=[7.081459e-01, 4.947526e-01, 2.943528e-01, 1.434508e-01, 5.989708e-02, 2.302526e-02, 7.564422e-03, 2.415902e-03, 7.609193e-04];
